00000000000011001110
00000000000011001110
00000000000011001111
00000000000011001111
00000000000011001111
00000000000011001110
00000000000011001110
00000000000011001101
00000000000011001100
00000000000011001111
00000000000011001101
00000000000011001010
00000000000011001001
00000000000011001011
00000000000011001011
00000000000011001010
00000000000011001010
00000000000011001010
00000000000011001011
00000000000011001010
00000000000011001010
00000000000011001100
00000000000011001100
00000000000011001101
00000000000011001111
00000000000001010000
00000000000001010001
00000000000001010001
00000000000001010000
00000000000011001111
00000000000011001111
00000000000001010000
00000000000001010000
00000000000011001100
00000000000001010001
00000000000001010001
00000000000001010000
00000000000011001111
00000000000011001110
00000000000011001100
00000000000011001100
00000000000011001101
00000000000011001100
00000000000011001001
00000000000011001010
00000000000011001010
00000000000011001010
00000000000011001010
00000000000011001010
00000000000011001010
00000000000011001011
00000000000011001011
00000000000011001011
00000000000011001101
00000000000011001101
00000000000011001100
00000000000011001111
00000000000001010010
00000000000001010010
00000000000001010010
00000000000001010010
00000000000001010001
00000000000001010000
00000000000011001111
00000000000001010101
00000000000011001100
00000000000001010000
00000000000001010000
00000000000001010000
00000000000001010000
00000000000011001111
00000000000011001110
00000000000011001001
00000000000011001001
00000000000011001001
00000000000011001001
00000000000011001001
00000000000011001001
00000000000011001001
00000000000011001011
00000000000011001010
00000000000011001011
00000000000011001010
00000000000011001010
00000000000011001010
00000000000011001010
00000000000011001010
00000000000011001110
00000000000001010010
00000000000001010011
00000000000001010011
00000000000001010010
00000000000001010010
00000000000001010000
00000000000001010000
00000000000001010001
00000000000000001101
00000000000011001110
00000000000011001111
00000000000001010001
00000000000001010010
00000000000001010000
00000000000011001110
00000000000011001100
00000000000011001000
00000000000011000111
00000000000011001000
00000000000011001000
00000000000011001001
00000000000011001001
00000000000011001001
00000000000011001011
00000000000011001010
00000000000011001001
00000000000011001010
00000000000011001011
00000000000011001010
00000000000011001001
00000000000011001000
00000000000011001100
00000000000011001111
00000000000001010001
00000000000001010011
00000000000001010100
00000000000001010010
00000000000001010001
00000000000011001111
00000000000001010111
00000000000000000000
00000000000001010010
00000000000011001110
00000000000011001110
00000000000011001011
00000000000011001001
00000000000011001000
00000000000011000111
00000000000011000111
00000000000011000110
00000000000011001000
00000000000011001001
00000000000011001001
00000000000011001001
00000000000011001010
00000000000011001010
00000000000011001010
00000000000011001010
00000000000011001001
00000000000011001011
00000000000011001011
00000000000011001000
00000000000011000111
00000000000011001000
00000000000011001001
00000000000011001011
00000000000011001100
00000000000011001101
00000000000001010000
00000000000011001111
00000000000001010001
00000000000000001101
00000000000000000000
00000000000001010111
00000000000011001111
00000000000011001101
00000000000011001010
00000000000011001000
00000000000011001000
00000000000011000111
00000000000011000110
00000000000011000111
00000000000011001000
00000000000011001001
00000000000011001001
00000000000011001001
00000000000011001010
00000000000011001011
00000000000011001010
00000000000011001011
00000000000011001011
00000000000011001010
00000000000011001011
00000000000011001001
00000000000011001000
00000000000011000111
00000000000011001000
00000000000011001001
00000000000011001010
00000000000011001011
00000000000011001110
00000000000011001111
00000000000001010010
00000000000000001101
00000000000000000000
00000000000000100001
00000000000001010000
00000000000011001100
00000000000011001010
00000000000011001001
00000000000011001000
00000000000011001000
00000000000011001000
00000000000011001010
00000000000011001001
00000000000011001010
00000000000011001010
00000000000011001010
00000000000011001011
00000000000011001101
00000000000011001011
00000000000011001010
00000000000011001101
00000000000011001100
00000000000011001011
00000000000011001011
00000000000011001010
00000000000011001001
00000000000011001001
00000000000011001010
00000000000011001011
00000000000011001010
00000000000011001101
00000000000001010000
00000000000001010011
00000000000000001101
00000000000000000000
00000000000000100010
00000000000001010001
00000000000011001111
00000000000011001011
00000000000011001000
00000000000011001000
00000000000011001001
00000000000011001010
00000000000011001010
00000000000011001011
00000000000011001011
00000000000011001010
00000000000011001001
00000000000011001010
00000000000011001101
00000000000011001011
00000000000011001010
00000000000011001011
00000000000011001100
00000000000011001101
00000000000011001101
00000000000011001011
00000000000011001011
00000000000011001011
00000000000011001011
00000000000011001011
00000000000011001100
00000000000011001110
00000000000011001111
00000000000001010011
00000000000000001101
00000000000000000000
00000000000000001101
00000000000001010101
00000000000001010001
00000000000011001100
00000000000011001011
00000000000011001011
00000000000011001101
00000000000011001110
00000000000011001111
00000000000011001111
00000000000011001100
00000000000011001011
00000000000011001010
00000000000011001010
00000000000011001101
00000000000011001010
00000000000011001010
00000000000011001100
00000000000011001100
00000000000011001101
00000000000011001101
00000000000011001110
00000000000011001101
00000000000011001101
00000000000011001100
00000000000011001101
00000000000011001110
00000000000001010000
00000000000001010000
00000000000001010101
00000000000000000000
00000000000000000000
00000000000000000000
00000000000000100000
00000000000001010001
00000000000011001101
00000000000011001100
00000000000011001110
00000000000001010011
00000000000000100001
00000000000000000100
00000000000000000100
00000000000001010110
00000000000001010001
00000000000011001101
00000000000011001010
00000000000011001100
00000000000011001011
00000000000011001101
00000000000001010001
00000000000001010011
00000000000000100011
00000000000000000100
00000000000000100011
00000000000001010111
00000000000001010001
00000000000011001101
00000000000011001110
00000000000011001111
00000000000011001111
00000000000011001111
00000000000001010111
00000000000000000000
00000000000000000000
00000000000000000000
00000000000000001101
00000000000001010001
00000000000011001101
00000000000011001101
00000000000011001100
00000000000001010001
00000000000001010110
00000000000000100001
00000000000000100001
00000000000001010110
00000000000001010000
00000000000011001110
00000000000011001100
00000000000011001101
00000000000011001110
00000000000011001111
00000000000001010001
00000000000000100000
00000000000000100001
00000000000000100011
00000000000000100001
00000000000001010101
00000000000011001111
00000000000011001110
00000000000011001111
00000000000011001111
00000000000011001111
00000000000001010000
00000000000001010110
00000000000000000000
00000000000000000000
00000000000000000000
00000000000000000000
00000000000001010111
00000000000011001101
00000000000011001100
00000000000011001010
00000000000011001010
00000000000011001100
00000000000001010000
00000000000001010001
00000000000001010000
00000000000011001111
00000000000011001101
00000000000011001110
00000000000011001110
00000000000011001111
00000000000001010000
00000000000001010001
00000000000001010011
00000000000001010011
00000000000001010011
00000000000001010001
00000000000011001110
00000000000011001100
00000000000011001100
00000000000011001110
00000000000011001110
00000000000001010000
00000000000011001111
00000000000001010010
00000000000000001101
00000000000000000000
00000000000000000000
00000000000000000000
00000000000000001100
00000000000001010001
00000000000011001100
00000000000011001010
00000000000011001010
00000000000011001010
00000000000011001011
00000000000011001100
00000000000011001100
00000000000011001111
00000000000011001110
00000000000001010000
00000000000001010010
00000000000001010000
00000000000001010001
00000000000001010001
00000000000001010000
00000000000011001111
00000000000011001110
00000000000011001100
00000000000011001100
00000000000011001011
00000000000011001100
00000000000011001101
00000000000011001111
00000000000011001110
00000000000001010000
00000000000011001110
00000000000001010111
00000000000000000000
00000000000000000000
00000000000000000000
00000000000000001100
00000000000001010001
00000000000011001110
00000000000011001100
00000000000011001011
00000000000011001011
00000000000011001011
00000000000011001100
00000000000011001110
00000000000001010000
00000000000011001110
00000000000001010010
00000000000001010010
00000000000001010011
00000000000001010001
00000000000001010010
00000000000001010000
00000000000011001110
00000000000011001110
00000000000011001101
00000000000011001101
00000000000011001100
00000000000011001101
00000000000011001111
00000000000011001101
00000000000011001110
00000000000011001111
00000000000011001110
00000000000001010010
00000000000000000000
00000000000000000000
00000000000000000000
00000000000001010110
00000000000001010001
00000000000011001110
00000000000011001101
00000000000011001101
00000000000001010000
00000000000011001110
00000000000011001110
00000000000011001111
00000000000011001111
00000000000011001101
00000000000011001011
00000000000011001011
00000000000011001100
00000000000001010001
00000000000001010001
00000000000001010010
00000000000001010010
00000000000001010000
00000000000001010000
00000000000011001110
00000000000011001110
00000000000011001101
00000000000011001100
00000000000011001100
00000000000011001101
00000000000011001111
00000000000011001101
00000000000001010000
00000000000000000000
00000000000000000000
00000000000000001100
00000000000001010000
00000000000001010000
00000000000001010000
00000000000011001110
00000000000011001100
00000000000011001110
00000000000011001110
00000000000011001110
00000000000011001110
00000000000011001111
00000000000011001111
00000000000011001110
00000000000011001101
00000000000011001111
00000000000011001111
00000000000001010000
00000000000001010000
00000000000011001111
00000000000011001110
00000000000001010000
00000000000011001110
00000000000011001101
00000000000011001100
00000000000011001011
00000000000011001011
00000000000011001110
00000000000011001111
00000000000011001110
00000000000011001111
00000000000000000000
00000000000000000000
00000000000001010111
00000000000001010000
00000000000011001111
00000000000011001111
00000000000011001110
00000000000011001101
00000000000011001011
00000000000011001010
00000000000011001011
00000000000011001100
00000000000011001101
00000000000011001110
00000000000011001110
00000000000011001110
00000000000011001111
00000000000011001111
00000000000011001110
00000000000011001110
00000000000011001110
00000000000011001101
00000000000011001100
00000000000011001100
00000000000011001100
00000000000011001100
00000000000011001100
00000000000011001101
00000000000011001111
00000000000011001110
00000000000011001111
00000000000011001111
00000000000000000000
00000000000000001100
00000000000001010011
00000000000011001111
00000000000011001101
00000000000011001101
00000000000011001110
00000000000011001101
00000000000011001011
00000000000011001010
00000000000011001001
00000000000011001000
00000000000011001001
00000000000011001010
00000000000011001100
00000000000011001101
00000000000011001101
00000000000011001011
00000000000011001011
00000000000011001010
00000000000011001010
00000000000011001010
00000000000011001010
00000000000011001010
00000000000011001100
00000000000011001101
00000000000011001110
00000000000011001111
00000000000011001111
00000000000011001101
00000000000011001110
00000000000011001110
