00000000000011010000
00000000000011010100
00000000000011010011
00000000000011010010
00000000000011010001
00000000000011010001
00000000000011010001
00000000000011010001
00000000000011010001
00000000000001011110
00000000000001011110
00000000000011010010
00000000000011010011
00000000000011010011
00000000000011010010
00000000000011010010
00000000000011010010
00000000000011010010
00000000000011010010
00000000000011010010
00000000000011010010
00000000000011010000
00000000000011010001
00000000000011010001
00000000000011010000
00000000000001011111
00000000000001011111
00000000000001011110
00000000000001011111
00000000000011010001
00000000000011010001
00000000000001011101
00000000000001011101
00000000000011010010
00000000000011010010
00000000000011010010
00000000000011010010
00000000000011010010
00000000000011010010
00000000000011010010
00000000000011010001
00000000000001011111
00000000000011010000
00000000000011010011
00000000000011010010
00000000000011010010
00000000000011010010
00000000000011010001
00000000000011010001
00000000000011010001
00000000000011010001
00000000000011010001
00000000000011010001
00000000000001011111
00000000000001011111
00000000000011010000
00000000000001011111
00000000000001011111
00000000000011010000
00000000000011010000
00000000000011010001
00000000000011010001
00000000000011010001
00000000000001011110
00000000000001011010
00000000000011010101
00000000000011010101
00000000000011010011
00000000000011010000
00000000000011010000
00000000000011010000
00000000000011010000
00000000000011010010
00000000000011010011
00000000000011010011
00000000000011010011
00000000000011010011
00000000000011010010
00000000000011010010
00000000000011010000
00000000000011010001
00000000000011010000
00000000000011010001
00000000000011010001
00000000000011010010
00000000000011010001
00000000000011010001
00000000000001011110
00000000000001011101
00000000000011010000
00000000000001011110
00000000000011010000
00000000000011010010
00000000000011010100
00000000000011010010
00000000000001011100
00000000000000001110
00000000000001011111
00000000000011010010
00000000000001011111
00000000000001011110
00000000000001011111
00000000000001011111
00000000000011010001
00000000000011010011
00000000000011010100
00000000000011010100
00000000000011010011
00000000000011010011
00000000000011010011
00000000000011010010
00000000000011010001
00000000000011010010
00000000000011010010
00000000000011010001
00000000000011010000
00000000000011010001
00000000000011010010
00000000000011010010
00000000000011010000
00000000000001011110
00000000000001011101
00000000000001011100
00000000000001011100
00000000000001011111
00000000000011010010
00000000000001011111
00000000000000100111
00000000000000000101
00000000000001011100
00000000000011010000
00000000000011010000
00000000000011010001
00000000000011010011
00000000000011010100
00000000000011010101
00000000000011010101
00000000000011010101
00000000000011010100
00000000000011010011
00000000000011010011
00000000000011010010
00000000000011010001
00000000000011010001
00000000000011010001
00000000000011010000
00000000000011010001
00000000000011010000
00000000000011010000
00000000000011010011
00000000000011010011
00000000000011010010
00000000000011010010
00000000000011010000
00000000000001011111
00000000000001011110
00000000000001011111
00000000000001011111
00000000000001011011
00000000000000001110
00000000000000000000
00000000000001011001
00000000000011010001
00000000000011010001
00000000000011010011
00000000000011010100
00000000000011010100
00000000000011010101
00000000000011010101
00000000000011010100
00000000000011010011
00000000000011010010
00000000000011010001
00000000000011010001
00000000000011010000
00000000000011010000
00000000000011010001
00000000000011010000
00000000000011010000
00000000000011010000
00000000000011010000
00000000000011010001
00000000000011010010
00000000000011010011
00000000000011010010
00000000000011010000
00000000000011010000
00000000000001011111
00000000000001011100
00000000000001011011
00000000000001011011
00000000000000001110
00000000000000000000
00000000000000100110
00000000000011010000
00000000000011010011
00000000000011010100
00000000000011010100
00000000000011010101
00000000000011010100
00000000000011010100
00000000000011010011
00000000000011010011
00000000000011010010
00000000000011010001
00000000000011010001
00000000000011010000
00000000000001011111
00000000000011010000
00000000000011010001
00000000000001011111
00000000000001011110
00000000000001011111
00000000000011010000
00000000000011010000
00000000000011010001
00000000000011010001
00000000000011010000
00000000000011010000
00000000000011010000
00000000000001011101
00000000000001011100
00000000000001011010
00000000000000001110
00000000000000000000
00000000000000100101
00000000000001011110
00000000000011010001
00000000000011010100
00000000000011010101
00000000000011010101
00000000000011010101
00000000000011010100
00000000000011010011
00000000000011010010
00000000000011010010
00000000000011010010
00000000000011010010
00000000000011010001
00000000000001011111
00000000000011010000
00000000000011010000
00000000000001011111
00000000000001011111
00000000000001011110
00000000000001011111
00000000000011010001
00000000000011010001
00000000000011010000
00000000000011010000
00000000000011010000
00000000000001011111
00000000000001011110
00000000000001011101
00000000000001011011
00000000000000001110
00000000000000000000
00000000000000001110
00000000000001011011
00000000000001011111
00000000000011010011
00000000000011010011
00000000000011010010
00000000000011010000
00000000000001011110
00000000000001011101
00000000000001011101
00000000000011010000
00000000000011010001
00000000000011010001
00000000000011010001
00000000000001011111
00000000000011010000
00000000000011010000
00000000000001011110
00000000000001011110
00000000000001011110
00000000000001011111
00000000000001011110
00000000000001011110
00000000000001011110
00000000000001011111
00000000000001011111
00000000000001011110
00000000000001011101
00000000000001011101
00000000000001011001
00000000000000000000
00000000000000000000
00000000000000000000
00000000000001011000
00000000000011010000
00000000000011010010
00000000000011010001
00000000000011010000
00000000000001011001
00000000000000001111
00000000000000000000
00000000000000000000
00000000000001011000
00000000000001011110
00000000000011010000
00000000000011010000
00000000000001011111
00000000000011010000
00000000000001011110
00000000000001011010
00000000000001011001
00000000000000001110
00000000000000000101
00000000000000001110
00000000000000100101
00000000000001011011
00000000000001011101
00000000000001011101
00000000000001011101
00000000000001011100
00000000000001011101
00000000000000100111
00000000000000000000
00000000000000000000
00000000000000000000
00000000000000001110
00000000000001011110
00000000000011010001
00000000000011010001
00000000000011010010
00000000000001011110
00000000000000100111
00000000000000100100
00000000000000100100
00000000000001011000
00000000000001011111
00000000000011010000
00000000000011010000
00000000000001011111
00000000000001011110
00000000000001011100
00000000000001011011
00000000000001011000
00000000000000001111
00000000000000000000
00000000000000001111
00000000000001011000
00000000000001011100
00000000000001011101
00000000000001011101
00000000000001011100
00000000000001011101
00000000000001011101
00000000000001011001
00000000000000000000
00000000000000000000
00000000000000000000
00000000000000000000
00000000000001011000
00000000000011010001
00000000000011010011
00000000000011010011
00000000000011010010
00000000000011010000
00000000000001011110
00000000000001011110
00000000000011010000
00000000000011010000
00000000000011010001
00000000000011010000
00000000000001011111
00000000000001011110
00000000000001011101
00000000000001011101
00000000000001011011
00000000000001011010
00000000000001011010
00000000000001011011
00000000000001011101
00000000000001011111
00000000000001011111
00000000000001011101
00000000000001011101
00000000000001011101
00000000000001011101
00000000000001011100
00000000000000001110
00000000000000000000
00000000000000000000
00000000000000000000
00000000000000100100
00000000000001011111
00000000000011010010
00000000000011010011
00000000000011010010
00000000000011010010
00000000000011010010
00000000000011010010
00000000000011010010
00000000000011010000
00000000000011010000
00000000000011010000
00000000000001011110
00000000000001011110
00000000000001011101
00000000000001011100
00000000000001011101
00000000000001011101
00000000000001011110
00000000000001011111
00000000000001011111
00000000000001011111
00000000000001011111
00000000000001011110
00000000000001011101
00000000000001011110
00000000000001011101
00000000000001011110
00000000000000100111
00000000000000000000
00000000000000000000
00000000000000000000
00000000000000001111
00000000000001011110
00000000000011010001
00000000000011010001
00000000000011010010
00000000000011010010
00000000000011010010
00000000000011010010
00000000000011010001
00000000000011010000
00000000000011010000
00000000000001011111
00000000000001011111
00000000000001011101
00000000000001011101
00000000000001011010
00000000000001011100
00000000000001011101
00000000000001011110
00000000000001011110
00000000000001011111
00000000000001011111
00000000000001011111
00000000000001011110
00000000000001011110
00000000000001011101
00000000000001011101
00000000000001011110
00000000000001011100
00000000000000000000
00000000000000000000
00000000000000000000
00000000000001011000
00000000000001011110
00000000000011010001
00000000000011010001
00000000000011010000
00000000000001011110
00000000000001011111
00000000000011010001
00000000000011010000
00000000000001011111
00000000000011010010
00000000000011010110
00000000000011010110
00000000000011010101
00000000000001011111
00000000000001011011
00000000000001011011
00000000000001011101
00000000000001011110
00000000000001011110
00000000000001011110
00000000000001011101
00000000000001011110
00000000000001011110
00000000000001011110
00000000000001011110
00000000000001011101
00000000000001011110
00000000000001011101
00000000000000000000
00000000000000000000
00000000000000001110
00000000000001011101
00000000000001011111
00000000000001011111
00000000000011010000
00000000000011010000
00000000000001011111
00000000000011010000
00000000000011010000
00000000000011010000
00000000000001011111
00000000000001011111
00000000000011010010
00000000000011010110
00000000000011010010
00000000000001011101
00000000000001011101
00000000000001011101
00000000000001011110
00000000000001011111
00000000000001011101
00000000000001011101
00000000000001011110
00000000000001011111
00000000000001011111
00000000000001011111
00000000000001011110
00000000000001011101
00000000000001011101
00000000000001011101
00000000000000000000
00000000000000000000
00000000000000100111
00000000000001011110
00000000000011010000
00000000000011010000
00000000000011010001
00000000000011010000
00000000000011010001
00000000000011010001
00000000000011010001
00000000000011010000
00000000000011010000
00000000000001011111
00000000000011010000
00000000000011010000
00000000000001011111
00000000000001011111
00000000000001011110
00000000000001011110
00000000000001011110
00000000000001011110
00000000000001011110
00000000000001011111
00000000000001011110
00000000000001011111
00000000000001011110
00000000000001011111
00000000000001011101
00000000000001011110
00000000000001011101
00000000000001011101
00000000000000000000
00000000000000001110
00000000000001011010
00000000000001011110
00000000000011010001
00000000000011010010
00000000000011010001
00000000000011010001
00000000000011010010
00000000000011010010
00000000000011010010
00000000000011010010
00000000000011010001
00000000000011010001
00000000000011010000
00000000000011010000
00000000000001011111
00000000000011010000
00000000000001011111
00000000000011010000
00000000000011010000
00000000000011010000
00000000000001011111
00000000000011010000
00000000000001011111
00000000000001011110
00000000000001011110
00000000000001011101
00000000000001011101
00000000000001011110
00000000000001011101
00000000000001011110
