00000000000000000100
00000000000011001110
00000000000011001101
00000000000001010000
00000000000001010010
00000000000001010010
00000000000001010000
00000000000011001111
00000000000001010011
00000000000000100100
00000000000000100101
00000000000001011000
00000000000001011001
00000000000001011101
00000000000001011100
00000000000001011010
00000000000001011010
00000000000001011010
00000000000001011100
00000000000001011001
00000000000000100101
00000000000000100110
00000000000000000100
00000000000001010000
00000000000011001110
00000000000001010001
00000000000001010101
00000000000001010111
00000000000000100001
00000000000001010110
00000000000001010010
00000000000000001111
00000000000001011001
00000000000001010101
00000000000011001011
00000000000011001100
00000000000011001100
00000000000011001111
00000000000011001110
00000000000001010000
00000000000000100010
00000000000000100100
00000000000000100111
00000000000001011001
00000000000001011001
00000000000001011001
00000000000000100111
00000000000000100101
00000000000000001110
00000000000000000101
00000000000000100101
00000000000000100111
00000000000000100101
00000000000000100101
00000000000000000100
00000000000001010111
00000000000001010000
00000000000011001000
00000000000011001001
00000000000011001010
00000000000011001000
00000000000011000101
00000000000011001001
00000000000000001101
00000000000001011111
00000000000001010011
00000000000011000101
00000000000011001001
00000000000001010000
00000000000001010011
00000000000000100010
00000000000000100010
00000000000000100100
00000000000000100111
00000000000001011010
00000000000000100111
00000000000000100110
00000000000000100110
00000000000000100101
00000000000000000101
00000000000000001111
00000000000000000101
00000000000000001111
00000000000000001110
00000000000000100111
00000000000001011000
00000000000000100100
00000000000000000000
00000000000001010001
00000000000011000100
00000000000011000111
00000000000011000110
00000000000011000100
00000000000011000011
00000000000011000110
00000000000000100100
00000000000011010001
00000000000000100110
00000000000011001110
00000000000000100001
00000000000000100100
00000000000000100100
00000000000000100110
00000000000000100101
00000000000000000101
00000000000000100100
00000000000000100110
00000000000000001111
00000000000001011000
00000000000001011000
00000000000000100100
00000000000000000000
00000000000000001110
00000000000000001110
00000000000000001111
00000000000000000000
00000000000000001111
00000000000000100110
00000000000000001111
00000000000000100100
00000000000000100101
00000000000000100100
00000000000000001101
00000000000000001101
00000000000011001111
00000000000011000001
00000000000001010001
00000000000001011101
00000000000011010000
00000000000011010110
00000000000000100100
00000000000000001101
00000000000000100101
00000000000000100110
00000000000000100100
00000000000000001111
00000000000000100100
00000000000000100100
00000000000000100100
00000000000000100100
00000000000000100110
00000000000000001111
00000000000000000101
00000000000000001100
00000000000000001100
00000000000000001100
00000000000000000000
00000000000000000101
00000000000000000101
00000000000000100100
00000000000000000101
00000000000000000101
00000000000000000101
00000000000000001110
00000000000000100101
00000000000000000100
00000000000001010000
00000000000001010000
00000000000000100110
00000000000011010001
00000000000011010000
00000000000011011010
00000000000011011000
00000000000011010010
00000000000001011001
00000000000000100110
00000000000000100101
00000000000000100101
00000000000000100100
00000000000000100101
00000000000000100100
00000000000000000101
00000000000000000100
00000000000000000000
00000000000000001100
00000000000000100010
00000000000000001100
00000000000000100010
00000000000000100010
00000000000000100011
00000000000000001101
00000000000000001111
00000000000000000000
00000000000000001100
00000000000000001100
00000000000000000100
00000000000000000000
00000000000000000100
00000000000000000101
00000000000000100100
00000000000001011101
00000000000011010001
00000000000011010000
00000000000011011100
00000000000011011110
00000000000011010111
00000000000011010001
00000000000001011110
00000000000001011011
00000000000001011011
00000000000001011010
00000000000001011001
00000000000000000101
00000000000000001110
00000000000000100110
00000000000000000000
00000000000000100010
00000000000001010011
00000000000000100001
00000000000000100011
00000000000001010101
00000000000000000100
00000000000000100001
00000000000000000100
00000000000000000000
00000000000000000100
00000000000000001101
00000000000000000101
00000000000000100110
00000000000000100101
00000000000000100101
00000000000001011100
00000000000011010010
00000000000011010010
00000000000011010000
00000000000011011011
00000000001110100001
00000000000011011101
00000000000011010111
00000000000011010010
00000000000011010010
00000000000011010010
00000000000001011111
00000000000001011110
00000000000001011001
00000000000000100110
00000000000001011101
00000000000000001101
00000000000000001101
00000000000001010001
00000000000000100001
00000000000000001100
00000000000000100011
00000000000001011000
00000000000000100000
00000000000001011000
00000000000001011001
00000000000001011001
00000000000000100111
00000000000000100110
00000000000001011000
00000000000001011001
00000000000001011011
00000000000001011101
00000000000011010101
00000000000011010011
00000000000011010000
00000000000011010011
00000000001110100010
00000000001110100001
00000000000011010111
00000000000011010000
00000000000001011011
00000000000001011011
00000000000000100100
00000000000000100010
00000000000000100011
00000000000000100111
00000000000001011010
00000000000000000101
00000000000000001101
00000000000011001111
00000000000000001100
00000000000000000100
00000000000000001110
00000000000000100101
00000000000000001111
00000000000000100100
00000000000000100110
00000000000001011011
00000000000001011001
00000000000000100110
00000000000001011001
00000000000001011010
00000000000001011110
00000000000001011111
00000000000011010110
00000000000011010000
00000000000011010000
00000000000011010000
00000000000011011101
00000000000011011101
00000000000011010011
00000000000001011100
00000000000001011011
00000000000001010001
00000000000011001100
00000000001110001101
00000000001110001100
00000000000011001000
00000000000001011111
00000000000001011010
00000000000000000101
00000000000000100000
00000000000000000100
00000000000000001100
00000000000000100100
00000000000001010011
00000000001110010110
00000000001110001011
00000000001110010110
00000000000011001000
00000000000001010011
00000000000000100011
00000000000000100101
00000000000001011000
00000000000001011000
00000000000001011101
00000000000011010111
00000000000011010000
00000000000011010000
00000000000011010000
00000000000011010011
00000000000011011011
00000000000011010101
00000000000011010100
00000000000011010011
00000000000001011010
00000000000011001111
00000000000011001010
00000000000011001000
00000000000011000011
00000000000001011001
00000000000001011101
00000000000001011000
00000000000000000000
00000000000000000101
00000000000000000000
00000000000000001110
00000000001110011011
00000000000011000000
00000000000011000010
00000000000011001001
00000000000011001100
00000000000000100101
00000000000001011001
00000000000000100111
00000000000000100110
00000000000001011000
00000000000011010000
00000000000011010111
00000000000011010000
00000000000011010000
00000000000011010000
00000000000011010000
00000000000011011010
00000000000011011001
00000000000011010100
00000000000001011110
00000000000000100111
00000000000000100111
00000000000000100110
00000000000000100110
00000000000000001111
00000000000000000000
00000000000001011001
00000000000001011001
00000000000000000000
00000000000000000000
00000000000000000000
00000000000001010111
00000000000001010001
00000000000001010101
00000000000001010100
00000000000000100001
00000000000000001110
00000000000000100100
00000000000000100111
00000000000001011001
00000000000001011010
00000000000001011111
00000000000011010000
00000000000011010100
00000000000011010010
00000000000011010000
00000000000011010000
00000000000011010000
00000000000011010101
00000000000011011101
00000000000011010101
00000000000011010000
00000000000001011100
00000000000000100110
00000000000001011000
00000000000001011100
00000000000001011110
00000000000001011000
00000000000000100101
00000000000001011001
00000000000001011010
00000000000000000101
00000000000000001100
00000000000000000000
00000000000000000000
00000000000000000000
00000000000000001101
00000000000000001100
00000000000000000100
00000000000000001111
00000000000001011001
00000000000001011010
00000000000001011101
00000000000001011100
00000000000001011110
00000000000001011101
00000000000011010101
00000000000011010000
00000000000011010000
00000000000011010000
00000000000011010101
00000000001110100000
00000000000011011001
00000000000011010101
00000000000011010011
00000000000001011111
00000000000001011110
00000000000001011110
00000000000011010000
00000000000011010001
00000000000000000000
00000000000000100100
00000000000000001111
00000000000000000000
00000000000001010110
00000000000000001110
00000000000000100101
00000000000000100101
00000000000000100101
00000000000000001111
00000000000001011000
00000000000001011010
00000000000001011101
00000000000001011101
00000000000001011011
00000000000001011100
00000000000001011110
00000000000001011011
00000000000011010111
00000000000011010000
00000000000011010000
00000000000011010000
00000000000011011110
00000000001110100001
00000000000011011010
00000000000011010101
00000000000011010101
00000000000011011111
00000000000011011101
00000000000011010101
00000000000011010011
00000000000011010000
00000000000000100001
00000000000000001101
00000000000000001100
00000000000000100000
00000000000011001110
00000000000000100100
00000000000001011001
00000000000001011101
00000000000011010000
00000000000011010101
00000000000001011100
00000000000001011010
00000000000000100111
00000000000000100101
00000000000000100101
00000000000001011010
00000000000001011101
00000000000001011011
00000000000011010010
00000000000011010000
00000000000011010000
00000000000011010110
00000000001110100010
00000000001110100000
00000000000011011101
00000000000011011001
00000000000011010010
00000000000011010011
00000000000011011001
00000000000011010110
00000000000001011101
00000000000001011101
00000000000001011010
00000000000000100010
00000000000001010111
00000000000001010110
00000000000000100101
00000000000001011000
00000000000000100101
00000000000001011011
00000000000011010011
00000000000001011101
00000000000000100111
00000000000000100111
00000000000000100101
00000000000000100110
00000000000001011001
00000000000001011101
00000000000001011110
00000000000001011100
00000000000011010001
00000000000011010000
00000000000011010000
00000000001110100001
00000000001110100001
00000000000011011110
00000000000011011101
00000000000011011000
00000000000011010101
00000000000001011100
00000000000001011010
00000000000001011001
00000000000001011011
00000000000001011101
00000000000011010000
00000000000001011110
00000000000001011001
00000000000001011101
00000000000011010000
00000000000001011111
00000000000001011010
00000000000000100110
00000000000000100101
00000000000000001111
00000000000000000000
00000000000000100101
00000000000000100111
00000000000001011011
00000000000001011101
00000000000011010001
00000000000001011110
00000000000001011101
00000000000001011111
00000000000001011011
00000000000011010101
00000000001110100101
00000000001110100000
00000000000011011100
00000000000011011001
00000000000011011000
00000000000011010101
00000000000011010001
00000000000001011101
00000000000000100111
00000000000000001110
00000000000000000101
00000000000000100100
00000000000001011000
00000000000001011100
00000000000001011101
00000000000000100101
00000000000000001111
00000000000000001101
00000000000000001101
00000000000000000100
00000000000000100101
00000000000000100110
00000000000001011010
00000000000001011101
00000000000001011111
00000000000011010000
00000000000001011101
00000000000001011100
00000000000001011101
00000000000001011110
